-9.4583604e-05  -2.6493644e-07
-3.7958204e-05  -1.1764445e-07
-6.1066868e-06   9.1074712e-09
1.3546686e-05   7.5129628e-08
3.8444841e-05   9.5949900e-08
4.2319374e-05   8.2912190e-08
1.6230941e-05   4.9673572e-08
7.1558652e-07   2.6085505e-08
1.4115717e-05   2.2477302e-08
2.0925410e-05   2.1297826e-08
3.1746330e-06  -3.9028932e-09
-7.0346356e-06  -9.7304496e-08
6.7614397e-06  -3.6253706e-07
1.4538103e-05  -1.0374124e-06
5.8171385e-07  -2.4822756e-06
-7.4452319e-06  -4.9056956e-06
4.8592588e-06  -7.9224978e-06
1.1432268e-05  -1.0347507e-05
-9.2059389e-07  -1.0674675e-05
-7.2339184e-06  -8.1672291e-06
4.5424084e-06  -3.6181013e-06
9.9444968e-06   1.0755577e-06
-2.1680690e-06   4.2074720e-06
-7.3591011e-06   5.2834069e-06
4.8152073e-06   4.9095990e-06
9.5016561e-06   3.9412094e-06
-3.2909733e-06   2.9916940e-06
-7.9243906e-06   2.3357967e-06
5.3691984e-06   1.8440207e-06
9.8081660e-06   1.4173554e-06
-4.3979061e-06   1.2675375e-06
-8.9605395e-06   1.2137590e-06
6.1749474e-06   8.6416258e-07
1.0796796e-05   6.9286682e-07
-5.6647811e-06   9.7782797e-07
-1.0591327e-05   7.9371188e-07
7.3663592e-06   2.4143987e-07
1.2594316e-05   5.9534940e-07
-7.3469275e-06   1.0350265e-06
-1.3112486e-05   2.1242065e-07
9.2109847e-06  -1.2215532e-07
1.5599576e-05   1.0024714e-06
-9.8208289e-06   8.8777081e-07
-1.7114437e-05  -5.7065502e-07
1.2168060e-05   5.7059310e-08
2.0575128e-05   1.5804571e-06
-1.3661873e-05   2.3104228e-07
-2.3204669e-05  -1.2238311e-06
2.0597784e-05   8.2565753e-07
5.5000572e-05   1.9109166e-06
1.2815887e-04  -8.9153910e-07
6.2800836e-04  -1.4290095e-06
2.4152567e-03   2.0141816e-06
7.0795137e-03   1.7286006e-06
1.6941418e-02  -2.2816282e-06
3.3517357e-02  -9.1555994e-07
5.4358896e-02   3.7489909e-06
7.1322584e-02   1.7768895e-06
7.3987387e-02  -1.7604161e-06
5.7229562e-02   3.9630661e-06
2.6368444e-02   1.0212462e-05
-5.7185701e-03   4.5157590e-06
-2.7396373e-02  -1.9502410e-06
-3.5047330e-02   3.1174630e-06
-3.2619606e-02   5.3853304e-06
-2.6289736e-02  -5.4309716e-06
-2.0109302e-02  -9.0745158e-06
-1.5380164e-02   3.6367260e-06
-1.2069868e-02   6.0711556e-06
-9.8526462e-03  -9.2851254e-06
-8.3417991e-03  -8.2459093e-06
-7.1957613e-03   1.8565975e-05
-6.2695639e-03   6.0401467e-05
-5.5568935e-03   2.5760109e-04
-5.0112720e-03   1.1185640e-03
-4.5373800e-03   3.7317672e-03
-4.1066693e-03   9.8916074e-03
-3.7547510e-03   2.1447400e-02
-3.4778875e-03   3.8156331e-02
-3.2245329e-03   5.5268132e-02
-2.9784558e-03   6.4143279e-02
-2.7693227e-03   5.7488432e-02
-2.6022951e-03   3.5564960e-02
-2.4445479e-03   7.1839251e-03
-2.2844008e-03  -1.6214686e-02
-2.1453491e-03  -2.8082898e-02
-2.0349085e-03  -2.9309651e-02
-1.9301723e-03  -2.4900953e-02
-1.8220608e-03  -1.9350248e-02
-1.7286411e-03  -1.4728293e-02
-1.6555654e-03  -1.1397635e-02
-1.5837810e-03  -9.1411031e-03
-1.5055795e-03  -7.6202127e-03
-1.4365307e-03  -6.5119124e-03
-1.3828699e-03  -5.6399325e-03
-1.3296802e-03  -4.9655986e-03
-1.2699989e-03  -4.4489636e-03
-1.2163234e-03  -4.0129450e-03
-1.1749446e-03  -3.6239635e-03
-1.1355447e-03  -3.3007183e-03
-1.0936735e-03  -3.0393295e-03
-1.0579365e-03  -2.8038094e-03
-1.0283528e-03  -2.5848645e-03
-9.9292059e-04  -2.4023949e-03
-9.5127470e-04  -2.2534650e-03
-9.1704716e-04  -2.1121367e-03
-8.9292161e-04  -1.9753061e-03
-8.6749384e-04  -1.8609756e-03
-8.3864067e-04  -1.7671283e-03
-8.1573619e-04  -1.6743984e-03
-7.9773836e-04  -1.5825464e-03
-7.7340077e-04  -1.5059987e-03
-7.4421271e-04  -1.4403714e-03
-7.2260099e-04  -1.3687569e-03
-7.0695310e-04  -1.2946225e-03
-6.8532652e-04  -1.2359952e-03
-6.6346613e-04  -1.1927228e-03
-6.5661439e-04  -1.1486003e-03
-6.5372286e-04  -1.1002745e-03
-6.2976329e-04  -1.0575216e-03
-5.9465484e-04  -1.0203517e-03
-5.8180719e-04  -9.8029263e-04
-5.8543770e-04  -9.3961553e-04
-5.6716563e-04  -9.0694682e-04
-5.3076254e-04  -8.7816903e-04
-5.2142439e-04  -8.4278891e-04
-5.3815163e-04  -8.0547721e-04
-5.2660748e-04  -7.8051722e-04
-4.8131611e-04  -7.6709177e-04
-4.5913619e-04  -7.4993407e-04
-4.2782627e-04  -7.2375545e-04
-1.2211414e-04  -6.9833081e-04
1.0441009e-03  -6.7893124e-04
4.1512446e-03  -6.5977301e-04
1.0741769e-02  -6.3881473e-04
2.1761528e-02  -6.2149454e-04
3.5503061e-02  -6.0687139e-04
4.6564016e-02  -5.8772291e-04
4.8155637e-02  -5.6670579e-04
3.7036192e-02  -5.5303735e-04
1.6792565e-02  -5.4298328e-04
-4.1163433e-03  -5.2644044e-04
-1.8131277e-02  -5.0982013e-04
-2.2987596e-02  -5.0502540e-04
-2.1351683e-02  -5.0232794e-04
-1.7271660e-02  -4.8630761e-04
-1.3331614e-02  -4.6814552e-04
-1.0308685e-02  -4.6472855e-04
-8.1625415e-03  -4.6085129e-04
-6.7103985e-03  -4.3697351e-04
-5.7238058e-03  -4.1228706e-04
-4.9733892e-03  -3.8682892e-04
-4.3555334e-03  -2.0302610e-04
-3.8754647e-03   5.9339721e-04
-3.5126269e-03   2.9162295e-03
-3.1997963e-03   8.1638525e-03
-2.9127712e-03   1.7484828e-02
-2.6791061e-03   3.0023259e-02
-2.4984144e-03   4.1522673e-02
-2.3316302e-03   4.5614049e-02
-2.1673251e-03   3.8062433e-02
-2.0300432e-03   2.0624313e-02
-1.9225906e-03   5.1739483e-04
-1.8189312e-03  -1.4490013e-02
-1.7134058e-03  -2.0956484e-02
-1.6250234e-03  -2.0534422e-02
-1.5548812e-03  -1.7011589e-02
-1.4840965e-03  -1.3213367e-02
-1.4095144e-03  -1.0181760e-02
-1.3436414e-03  -7.9923961e-03
-1.2874923e-03  -6.5005924e-03
-1.2349558e-03  -5.4965264e-03
-1.1905407e-03  -4.7496369e-03
-1.1559654e-03  -4.1436064e-03
-1.1174429e-03  -3.6768247e-03
-1.0691498e-03  -3.3283427e-03
-1.0267966e-03  -3.0303132e-03
-9.9882593e-04  -2.7558027e-03
-9.7086372e-04  -2.5295641e-03
-9.3492154e-04  -2.3529259e-03
-9.0399300e-04  -2.1917583e-03
-8.8363318e-04  -2.0340522e-03
-8.6035110e-04  -1.9004652e-03
-8.2953564e-04  -1.7974253e-03
-8.0400490e-04  -1.7023645e-03
-7.8724743e-04  -1.6005460e-03
-7.6767436e-04  -1.5029635e-03
-7.4280292e-04  -1.3922067e-03
-7.2222941e-04  -1.0998781e-03
-7.0768576e-04  -1.3580334e-04
-6.9281692e-04   2.4572691e-03
-6.7655478e-04   7.9322739e-03
-6.6001514e-04   1.6916051e-02
-6.4258105e-04   2.7894640e-02
-6.3030051e-04   3.6532473e-02
-6.2803474e-04   3.7512978e-02
-6.2281934e-04   2.8399271e-02
-6.0357231e-04   1.2198632e-02
-5.7944410e-04  -4.2811513e-03
-4.9868450e-04  -1.5121594e-02
-5.7769384e-05  -1.8727374e-02
1.5391406e-03  -1.7333174e-02
5.7463532e-03  -1.4100108e-02
1.4308938e-02  -1.0986058e-02
2.7746106e-02  -8.5912138e-03
4.3192440e-02  -6.8989475e-03
5.3955412e-02  -5.7472142e-03
5.2858201e-02  -4.9423459e-03
3.7736622e-02  -4.3288495e-03
1.4088645e-02  -3.8415519e-03
-8.2853253e-03  -3.4619834e-03
-2.1909712e-02  -3.1587130e-03
-2.5585237e-02  -2.8965289e-03
-2.2939585e-02  -2.6659568e-03
-1.8306646e-02  -2.4730568e-03
-1.4112527e-02  -2.3142281e-03
-1.0956749e-02  -2.1750884e-03
-8.7277784e-03  -2.0458930e-03
-7.2103163e-03  -1.9286575e-03
-6.1597063e-03  -1.8281644e-03
-5.3585057e-03  -1.7396849e-03
-4.7126604e-03  -1.6532812e-03
-4.2123861e-03  -1.5707506e-03
-3.8244680e-03  -1.5028420e-03
-3.4874171e-03  -1.4364294e-03
-3.1807233e-03  -1.2972210e-03
-2.9281311e-03  -9.0326761e-04
-2.7320603e-03   1.0814834e-04
-2.5549226e-03   2.2533569e-03
-2.3756256e-03   5.8364791e-03
-2.2193677e-03   1.0317432e-02
-2.1060944e-03   1.4078715e-02
-2.0078238e-03   1.5317351e-02
-1.8911336e-03   1.3846580e-02
-1.7462215e-03   1.2355182e-02
-1.4446091e-03   1.5441081e-02
-4.3925104e-04   2.6148128e-02
2.4503912e-03   4.2134465e-02
8.7795365e-03   5.5091399e-02
1.9393331e-02   5.5417888e-02
3.2735210e-02   3.9473264e-02
4.3945950e-02   1.3139251e-02
4.6634068e-02  -1.2145575e-02
3.7221631e-02  -2.7508186e-02
1.8419006e-02  -3.1497828e-02
-1.9973275e-03  -2.8292255e-02
-1.6514752e-02  -2.2803641e-02
-2.2381507e-02  -1.7780795e-02
-2.1623362e-02  -1.3979180e-02
-1.7927577e-02  -1.1304456e-02
-1.3976105e-02  -9.4503223e-03
-1.0747461e-02  -8.1157486e-03
-7.9606951e-03  -7.1055183e-03
-4.6562502e-03  -6.3183485e-03
2.9321631e-04  -5.6848306e-03
7.4734307e-03  -5.1574277e-03
1.5920424e-02  -4.7170618e-03
2.2614768e-02  -4.3487700e-03
2.3762221e-02  -4.0279136e-03
1.7612812e-02  -3.7417960e-03
6.3261913e-03  -3.4992104e-03
-5.2423651e-03  -3.2988915e-03
-1.2864623e-02  -3.1033702e-03
-1.5337230e-02  -2.8425484e-03
-1.4206306e-02  -2.3738600e-03
-1.1778386e-02  -1.3892170e-03
-9.5003207e-03   5.2875962e-04
-7.7400459e-03   3.5298073e-03
-6.4180495e-03   7.0250628e-03
-5.4695091e-03   9.6485431e-03
-4.8340717e-03   9.9331136e-03
-4.3691685e-03   7.3246086e-03
-3.9528989e-03   2.6970382e-03
-3.5877048e-03  -2.1497890e-03
-3.3206150e-03  -5.6052616e-03
-3.1237194e-03  -7.0460440e-03
-2.9253135e-03  -6.8432971e-03
-2.7177329e-03  -5.8441855e-03
-2.5556417e-03  -4.7944059e-03
-2.4534057e-03  -4.0098481e-03
-2.3545208e-03  -3.4438518e-03
-2.2207989e-03  -2.9973494e-03
-2.0895340e-03  -2.6729598e-03
-2.0051123e-03  -2.4632317e-03
-1.9453452e-03  -2.2888043e-03
-1.8646724e-03  -2.1149456e-03
-1.7707479e-03  -1.9852738e-03
-1.7028422e-03  -1.9014749e-03
-1.6608720e-03  -1.8072296e-03
-1.6110282e-03  -1.7022763e-03
-1.5469370e-03  -1.6214405e-03
-1.4941504e-03  -1.4598231e-03
-1.4593501e-03  -8.7422556e-04
-1.4206323e-03   6.9782332e-04
-1.3702154e-03   3.9187836e-03
-1.3267809e-03   9.0834264e-03
-1.2978494e-03   1.5286157e-02
-1.2654375e-03   2.0065837e-02
-1.2211495e-03   2.0510154e-02
-1.1834483e-03   1.5403295e-02
-1.1639795e-03   6.4914370e-03
-1.1454484e-03  -2.5597157e-03
-1.1120115e-03  -8.6457491e-03
-1.0762487e-03  -1.0876073e-02
-1.0551949e-03  -1.0285209e-02
-1.0415157e-03  -8.5028035e-03
-1.0194573e-03  -6.7251491e-03
-9.9135792e-04  -5.4103429e-03
-9.6888144e-04  -4.4874246e-03
-9.5191490e-04  -3.7812513e-03
-9.3271283e-04  -3.2619206e-03
-9.1117194e-04  -2.9016602e-03
-8.9321825e-04  -2.4326977e-03
-8.7989753e-04  -1.3244871e-03
-8.6664670e-04   1.1379026e-03
-8.5093570e-04   5.6711915e-03
-8.3655761e-04   1.2307095e-02
-8.2800646e-04   1.9432460e-02
-8.0296963e-04   2.3873289e-02
-6.3722984e-04   2.2794583e-02
2.7318139e-05   1.6056193e-02
1.8782530e-03   6.6531254e-03
5.7375046e-03  -1.4201833e-03
1.1860111e-02  -5.9349754e-03
1.9025378e-02  -7.3482531e-03
2.4372534e-02  -7.4576147e-03
2.4747479e-02  -7.5497518e-03
1.8933285e-02  -7.7695906e-03
8.8534973e-03  -7.7206372e-03
-1.5442948e-03  -7.1952119e-03
-8.8027380e-03  -6.3436157e-03
-1.1648053e-02  -5.4375723e-03
-1.0731559e-02  -4.6429173e-03
-7.2238444e-03  -3.9966919e-03
-1.7476766e-03  -3.5041699e-03
5.4809944e-03  -3.1640711e-03
1.3490895e-02  -2.9125858e-03
1.9688680e-02  -2.6646285e-03
2.0814362e-02  -2.4319778e-03
1.5445717e-02  -2.2817357e-03
5.6069260e-03  -2.1841214e-03
-4.4073058e-03  -2.0510039e-03
-1.0951796e-02  -1.9012657e-03
-1.3027423e-02  -1.8178427e-03
-1.2000136e-02  -1.7773601e-03
-9.8928189e-03  -1.6947973e-03
-7.9532446e-03  -1.5886810e-03
-6.4488072e-03  -1.5366956e-03
-5.2894942e-03  -1.5191827e-03
-4.4635329e-03  -1.4581406e-03
-3.9385127e-03  -1.3658155e-03
-3.5443860e-03  -1.3180589e-03
-3.1590951e-03  -1.3121164e-03
-2.8403603e-03  -1.2755555e-03
-2.6516021e-03  -1.2021838e-03
-2.5089624e-03  -1.1619299e-03
-2.3160536e-03  -1.1713715e-03
-2.1205866e-03  -1.1564343e-03
-2.0112388e-03  -1.0241367e-03
-1.9518492e-03  -5.9769667e-04
-1.8466869e-03   5.9016932e-04
-1.7082829e-03   3.2521531e-03
-1.6267870e-03   7.7760251e-03
-1.6043490e-03   1.3431887e-02
-1.5534588e-03   1.8101487e-02
-1.4531865e-03   1.9144860e-02
-1.3784122e-03   1.5164926e-02
-1.3603526e-03   7.3264796e-03
-1.3361201e-03  -1.1655836e-03
-1.2653651e-03  -7.2058555e-03
-1.1950155e-03  -9.6435090e-03
-1.1696513e-03  -9.3322074e-03
-1.1598124e-03  -7.8255784e-03
-1.1231075e-03  -6.2337551e-03
-1.0745096e-03  -4.9773830e-03
-1.0493063e-03  -4.0726040e-03
-1.0388835e-03  -3.4243253e-03
-1.0111538e-03  -2.9624630e-03
-9.6926014e-04  -2.6375166e-03
-9.4289300e-04  -2.3434853e-03
-9.3399670e-04  -1.8562921e-03
-9.1649708e-04  -7.9954142e-04
-8.8601313e-04   1.3260151e-03
-8.6733738e-04   4.8462771e-03
-8.6451598e-04   9.3236473e-03
-8.0732816e-04   1.3229124e-02
-4.7886735e-04   1.4544688e-02
5.9442358e-04   1.2102716e-02
3.1155005e-03   6.5525866e-03
7.5846546e-03   5.0324620e-05
1.3529860e-02  -5.0832866e-03
1.9036043e-02  -7.6428936e-03
2.1352153e-02  -7.8746985e-03
1.8580409e-02  -6.8558535e-03
1.1235882e-02  -5.5897505e-03
2.2029329e-03  -4.5296194e-03
-4.9899476e-03  -3.7153936e-03
-8.0112410e-03  -3.1153622e-03
-6.2660822e-03  -2.7214734e-03
-4.2230456e-04  -2.4549287e-03
7.8703874e-03  -2.2076913e-03
1.5836032e-02  -1.9852964e-03
2.0022378e-02  -1.8539812e-03
1.7976949e-02  -1.7497916e-03
1.0111347e-02  -1.4653051e-03
-1.3876866e-04  -7.6402864e-04
-8.4657453e-03   6.3210179e-04
-1.2457537e-02   2.9891868e-03
-1.2570763e-02   6.1179042e-03
-1.0788962e-02   8.9504613e-03
-8.7394190e-03   9.9328643e-03
-7.0323608e-03   8.1504328e-03
-5.7266943e-03   4.1168529e-03
-4.7954448e-03  -5.3684073e-04
-4.1444691e-03  -4.1208768e-03
-3.5168552e-03  -5.7975989e-03
-2.4650471e-03  -5.7940106e-03
-3.1917157e-04  -4.9504440e-03
3.6422951e-03  -4.0188133e-03
9.5152186e-03  -3.2130203e-03
1.5939657e-02  -2.2492190e-03
2.0138095e-02  -6.7615500e-04
1.9402891e-02   1.8142334e-03
1.3155822e-02   5.1115473e-03
3.7395267e-03   8.3957785e-03
-5.0073171e-03   1.0189624e-02
-1.0247852e-02   9.1748409e-03
-1.1571132e-02   5.3366810e-03
-1.0420053e-02   2.5672667e-04
-8.5269034e-03  -3.9483486e-03
-6.8652799e-03  -6.0696436e-03
-5.6228831e-03  -6.2875623e-03
-4.6834451e-03  -5.5158299e-03
-3.9763129e-03  -4.5419206e-03
-3.4927331e-03  -3.7145688e-03
-3.1699523e-03  -3.0911215e-03
-2.8957936e-03  -2.6347949e-03
-2.6257272e-03  -2.3037839e-03
-2.4073065e-03  -2.0732849e-03
-2.2669611e-03  -1.9145654e-03
-2.1518681e-03  -1.7477086e-03
-2.0156326e-03  -1.3917254e-03
-1.8843536e-03  -5.0024440e-04
-1.7941114e-03   1.4461274e-03
-1.7273419e-03   4.8583701e-03
-1.6535791e-03   9.4204561e-03
-1.5771811e-03   1.3659700e-02
-1.5086104e-03   1.5433089e-02
-1.4422479e-03   1.3298842e-02
-1.3892686e-03   7.6968723e-03
-1.3615295e-03   8.1818491e-04
-1.2573691e-03  -4.7880282e-03
-7.5506479e-04  -7.6937761e-03
7.0177314e-04  -8.0616845e-03
3.7683417e-03  -7.0201914e-03
8.7286708e-03  -5.6828588e-03
1.4707977e-02  -4.5832607e-03
1.9316516e-02  -3.7590100e-03
1.9688431e-02  -3.1316122e-03
1.4609266e-02  -2.6898025e-03
5.8387870e-03  -2.4017329e-03
-2.9092646e-03  -2.1714100e-03
-8.5404026e-03  -1.9567446e-03
-1.0331736e-02  -1.8027551e-03
-9.5519793e-03  -1.7098184e-03
-7.8795247e-03  -1.6026500e-03
-6.3036361e-03  -1.4697057e-03
-5.0794706e-03  -1.3857301e-03
-4.1223337e-03  -1.3576666e-03
-3.2003331e-03  -1.3045714e-03
-1.9235001e-03  -1.2178664e-03
1.3662803e-04  -1.1452357e-03
3.0783639e-03  -9.1750210e-04
6.3198685e-03   1.9822651e-06
8.6641330e-03   2.3268262e-03
8.9062285e-03   6.5461032e-03
6.6372698e-03   1.2384444e-02
2.6230587e-03   1.8291229e-02
-1.6087597e-03   2.1665234e-02
-4.6746105e-03   2.0328717e-02
-6.0168923e-03   1.4301220e-02
-5.9343492e-03   6.0342553e-03
-5.1358666e-03  -1.3498564e-03
-4.2421254e-03  -6.1016151e-03
-3.5281234e-03  -8.3125863e-03
-2.9901686e-03  -8.8925774e-03
-2.5775867e-03  -8.5443044e-03
-2.2912349e-03  -7.6113356e-03
-2.0990667e-03  -6.3646739e-03
-1.9245417e-03  -5.0415866e-03
-1.7644071e-03  -3.6599885e-03
-1.6753779e-03  -2.0519760e-03
-1.6005784e-03  -1.9781963e-04
-1.3095456e-03   1.5353697e-03
-4.5705762e-04   2.5561504e-03
1.4274777e-03   2.4515761e-03
4.7842084e-03   1.2607084e-03
9.3955183e-03  -5.4526507e-04
1.3833731e-02  -2.2984627e-03
1.5933235e-02  -3.4492437e-03
1.4203216e-02  -3.8132589e-03
8.9514931e-03  -3.5938144e-03
2.1514190e-03  -3.1538612e-03
-3.7552488e-03  -2.7212956e-03
-7.1912222e-03  -2.2355926e-03
-8.0489806e-03  -1.3567800e-03
-7.2907466e-03   4.4425337e-04
-6.0227977e-03   3.6495856e-03
-4.8622733e-03   8.1723255e-03
-3.9519947e-03   1.2802260e-02
-3.2733785e-03   1.5373481e-02
-2.8024983e-03   1.4041231e-02
-2.4835661e-03   8.7947994e-03
-2.2352647e-03   1.7209207e-03
-2.0241399e-03  -4.3670863e-03
-1.8604886e-03  -7.7090899e-03
-1.6832157e-03  -8.3221643e-03
-1.2744190e-03  -7.3747381e-03
-3.1106925e-04  -6.0484101e-03
1.4670108e-03  -4.8621124e-03
4.0141245e-03  -3.7539202e-03
6.7419505e-03  -2.4969614e-03
8.5562783e-03  -9.6341724e-04
8.4068316e-03   7.8318141e-04
6.0583404e-03   2.4071426e-03
2.3515429e-03   3.3628574e-03
-1.3501839e-03   3.2507300e-03
-3.9765598e-03   2.1569409e-03
-5.1451779e-03   5.5595099e-04
-5.0824972e-03  -1.0784702e-03
-4.3568754e-03  -2.4483734e-03
-3.4879262e-03  -3.3232914e-03
-2.4950327e-03  -3.5429124e-03
-7.7223134e-04  -3.2165252e-03
2.4513837e-03  -2.7151830e-03
7.3654315e-03  -2.3301376e-03
1.3017773e-02  -2.0620791e-03
1.7265411e-02  -1.8158141e-03
1.7621513e-02  -1.6143932e-03
1.2981474e-02  -1.5037022e-03
4.9161392e-03  -1.4248182e-03
-3.1108148e-03  -1.3214193e-03
-8.2001094e-03  -1.2361453e-03
-9.7401801e-03  -1.1990705e-03
-8.9643937e-03  -1.1578352e-03
-7.4108503e-03  -1.0892505e-03
-5.9660846e-03  -1.0414043e-03
-4.8553966e-03  -1.0231311e-03
-4.0146616e-03  -9.8950438e-04
-3.3819396e-03  -9.5070747e-04
-2.9501330e-03  -9.5451973e-04
-2.6672845e-03  -9.4027970e-04
-2.4270051e-03  -6.7249810e-04
-2.1887340e-03   2.6640687e-04
-2.0032987e-03   2.4775467e-03
-1.8912923e-03   6.4456373e-03
-1.7936363e-03   1.1781124e-02
-1.6694405e-03   1.6665639e-02
-1.5546487e-03   1.8462802e-02
-1.4866113e-03   1.5457638e-02
-1.4380485e-03   8.3519264e-03
-1.3693215e-03   5.5916639e-05
-1.2945673e-03  -6.2189642e-03
-1.2468730e-03  -8.9639884e-03
-1.2194218e-03  -8.8257572e-03
-1.1897229e-03  -7.4329202e-03
-1.1481414e-03  -5.9864622e-03
-1.0108592e-03  -4.8347123e-03
-4.9412361e-04  -3.9244643e-03
8.6499244e-04  -3.2369962e-03
3.4568756e-03  -2.7842888e-03
7.1729445e-03  -2.4839130e-03
1.1044996e-02  -2.2273263e-03
1.3395435e-02  -1.9999823e-03
1.2736728e-02  -1.8406202e-03
8.8864935e-03  -1.7368732e-03
3.2684791e-03  -1.6265391e-03
-1.9925947e-03  -1.4307205e-03
-5.3845775e-03  -9.7459354e-04
-6.6234141e-03   1.1658226e-04
-6.3252837e-03   2.3233277e-03
-5.3374124e-03   5.9003098e-03
-4.2920939e-03   1.0521918e-02
-3.4759553e-03   1.5162559e-02
-2.9007797e-03   1.8327036e-02
-2.4761783e-03   1.8590306e-02
-2.1504183e-03   1.5279386e-02
-1.9165716e-03   8.9811113e-03
-1.7518411e-03   1.4827742e-03
-1.6156386e-03  -5.0054035e-03
-1.4923892e-03  -8.9429830e-03
-1.3938259e-03  -1.0102872e-02
-1.3281569e-03  -9.3236092e-03
-1.2822987e-03  -7.6824637e-03
-1.1873355e-03  -5.8000408e-03
-8.3478071e-04  -3.7063935e-03
1.7610135e-04  -1.1973274e-03
2.3101384e-03   1.6529758e-03
5.7078228e-03   4.2114301e-03
9.6944942e-03   5.5242120e-03
1.2676495e-02   4.9643326e-03
1.2909512e-02   2.7317961e-03
9.8668840e-03  -2.5327786e-04
4.9973562e-03  -2.9071457e-03
8.6734465e-04  -4.4756436e-03
-7.5961957e-04  -4.7116360e-03
-1.3230108e-04  -3.8277981e-03
1.0895195e-03  -2.3325639e-03
1.5096519e-03  -8.0206274e-04
1.1095645e-03   3.0062043e-04
9.8742464e-04   6.9587309e-04
2.2200307e-03   3.3174550e-04
4.8307294e-03  -5.7175529e-04
7.5267685e-03  -1.6114148e-03
8.3911751e-03  -2.4337401e-03
6.2099281e-03  -2.8830941e-03
1.5254058e-03  -2.9452374e-03
-3.5886578e-03  -2.6487921e-03
-7.0262329e-03  -2.0341098e-03
-8.0788415e-03  -1.0948875e-03
-7.4819711e-03   2.7248573e-04
-6.3324750e-03   2.1014890e-03
-5.2360498e-03   4.0584613e-03
-4.3332312e-03   5.4467344e-03
-3.6408574e-03   5.6336363e-03
-3.1473151e-03   4.4744511e-03
-2.7900244e-03   2.3586365e-03
-2.5121999e-03  -4.0721839e-05
-2.2903844e-03  -2.0733768e-03
-2.1036590e-03  -3.3377378e-03
-1.9467171e-03  -3.7234154e-03
-1.8313379e-03  -3.2546380e-03
-1.7324909e-03  -1.9044313e-03
-1.6141849e-03   4.6449972e-04
-1.5099734e-03   4.0188753e-03
-1.4623272e-03   8.6850693e-03
-1.4195611e-03   1.3687558e-02
-1.3264443e-03   1.7311866e-02
-1.2425551e-03   1.7504890e-02
-1.2294661e-03   1.3248826e-02
-1.2207718e-03   5.6511400e-03
-1.1447458e-03  -2.4039385e-03
-1.0659050e-03  -8.0290058e-03
-1.0675889e-03  -1.0110064e-02
-1.0905675e-03  -9.5561392e-03
-1.0029583e-03  -8.0147020e-03
-7.2706996e-04  -6.5337380e-03
-1.7229622e-04  -5.3381008e-03
8.4031332e-04  -4.3754655e-03
2.3577393e-03  -3.6603189e-03
3.9834697e-03  -3.1894414e-03
5.0086002e-03  -2.8617482e-03
5.0355143e-03  -2.5833296e-03
4.4711392e-03  -2.3368936e-03
4.3398478e-03  -2.0990353e-03
5.5154489e-03  -1.7336241e-03
7.9036757e-03  -9.7611257e-04
1.0156258e-02   4.8926525e-04
1.0337529e-02   2.8870396e-03
7.3564382e-03   6.1629684e-03
2.0493111e-03   9.7828865e-03
-3.2720228e-03   1.2645578e-02
-6.5572180e-03   1.3377379e-02
-7.3384924e-03   1.1104650e-02
-6.4338047e-03   6.2177871e-03
-4.7392769e-03   3.6313932e-04
-2.6236539e-03  -4.4820753e-03
-2.8268780e-04  -7.1148027e-03
1.8228668e-03  -7.5415947e-03
3.0778247e-03  -6.5751970e-03
3.1093118e-03  -5.1081393e-03
2.0038378e-03  -3.6904909e-03
2.3523942e-04  -2.5808966e-03
-1.5875494e-03  -1.9210684e-03
-2.9891663e-03  -1.7052690e-03
-3.7420258e-03  -1.6920999e-03
-3.8323757e-03  -1.5760336e-03
-3.4379451e-03  -1.3160608e-03
-2.8940981e-03  -1.1798890e-03
-2.4884580e-03  -1.3845509e-03
-2.2192182e-03  -1.7807293e-03
-1.8136430e-03  -2.0099075e-03
-9.0531383e-04  -1.9259339e-03
9.1414780e-04  -1.7088354e-03
3.9732502e-03  -1.5626588e-03
8.0203060e-03  -1.4814839e-03
1.1805937e-02  -1.3776198e-03
1.3536617e-02  -1.2671133e-03
1.2048417e-02  -1.2059521e-03
7.6557634e-03  -1.1572788e-03
1.9842226e-03  -1.0296094e-03
-2.9850198e-03  -7.5637612e-04
-5.9625203e-03  -2.6318024e-04
-6.8316114e-03   5.2914485e-04
-6.3229121e-03   1.5626785e-03
-5.2968696e-03   2.5612012e-03
-4.2883634e-03   3.1559430e-03
-3.4942741e-03   3.0799097e-03
-2.9246882e-03   2.2892984e-03
-2.5161572e-03   1.0065361e-03
-2.2064864e-03  -3.6325981e-04
-1.9670010e-03  -1.4615416e-03
-1.7865157e-03  -2.1469836e-03
-1.6513045e-03  -2.4365970e-03
-1.5402158e-03  -2.3849357e-03
-1.4327761e-03  -2.1014513e-03
-1.3340522e-03  -1.7739689e-03
-1.2691612e-03  -1.5397821e-03
-1.2272516e-03  -1.3833906e-03
-1.1622432e-03  -1.2456524e-03
-1.0798895e-03  -1.1478852e-03
-1.0398372e-03  -1.0916356e-03
-1.0381124e-03  -8.8174726e-04
-1.0003534e-03  -1.2951198e-04
-9.2368779e-04   1.5882712e-03
-8.9005843e-04   4.4893082e-03
-9.0856648e-04   8.1933940e-03
-8.9340632e-04   1.1407428e-02
-8.2664004e-04   1.2334109e-02
-7.8969536e-04   9.9129971e-03
-8.0606361e-04   4.8448239e-03
-8.0184249e-04  -7.3764999e-04
-7.4932225e-04  -4.7323682e-03
-7.1204788e-04  -6.3251575e-03
-7.2105834e-04  -6.0832066e-03
-7.2703666e-04  -5.1103730e-03
-6.9893065e-04  -4.1690190e-03
-6.6971605e-04  -3.4360370e-03
-6.6770638e-04  -2.8308490e-03
-6.8305164e-04  -2.3493310e-03
-7.0046859e-04  -2.0450918e-03
-6.6861098e-04  -1.8734563e-03
-3.9003272e-04  -1.7244128e-03
5.2320640e-04  -1.5419921e-03
2.5028898e-03  -1.2450796e-03
5.6588832e-03  -5.3742426e-04
9.3346523e-03   1.0259803e-03
1.2014603e-02   3.6309168e-03
1.2020733e-02   6.7987789e-03
8.7432033e-03   9.3771556e-03
3.3409812e-03   1.0045916e-02
-1.9182240e-03   8.1289652e-03
-5.2035677e-03   4.1923712e-03
-6.1594335e-03  -1.5434399e-04
-5.6363324e-03  -3.2783652e-03
-4.6736336e-03  -4.5297880e-03
-3.8097354e-03  -4.3254493e-03
-3.0953924e-03  -3.4245001e-03
-2.3883633e-03  -2.3423948e-03
-1.5104809e-03  -1.3779165e-03
-2.9931957e-04  -7.8287838e-04
1.2616550e-03  -6.4172145e-04
2.8781233e-03  -7.6439166e-04
3.9681112e-03  -9.3309617e-04
3.9735500e-03  -1.1620533e-03
2.7628131e-03  -1.5373265e-03
7.7714457e-04  -1.9154343e-03
-1.2155869e-03  -2.0081980e-03
-2.5205458e-03  -1.7230858e-03
-2.7390144e-03  -1.2223769e-03
-1.7724108e-03  -6.7395965e-04
1.9551775e-04  -1.4081828e-04
2.6570214e-03   2.8434413e-04
4.8303847e-03   4.3899878e-04
5.9375554e-03   2.5640176e-04
5.6014752e-03  -1.4866267e-04
4.0723460e-03  -6.0749320e-04
2.0663183e-03  -1.0198449e-03
3.0292640e-04  -1.3273589e-03
-8.8620497e-04  -1.4723651e-03
-1.5678704e-03  -1.4435279e-03
-1.9449100e-03  -1.3081793e-03
-2.1803446e-03  -1.1586422e-03
-2.3967961e-03  -1.0507357e-03
-2.6365200e-03  -9.9050567e-04
-2.7797026e-03  -9.2892120e-04
-2.6673706e-03  -7.5545912e-04
-2.3415237e-03  -3.2441961e-04
-2.0091298e-03   4.9587976e-04
-1.7723355e-03   1.7416922e-03
-1.5768594e-03   3.1963952e-03
-1.4003193e-03   4.2941499e-03
-1.2836358e-03   4.3671172e-03
-1.2040757e-03   3.1712511e-03
-1.1088420e-03   1.1543959e-03
-1.0274953e-03  -8.6318726e-04
-9.9628268e-04  -2.2440067e-03
-9.6159208e-04  -2.7918990e-03
-8.8872831e-04  -2.6433756e-03
-8.4077035e-04  -2.0457674e-03
-8.4432343e-04  -1.1790170e-03
-8.2982059e-04  -9.6369059e-05
-7.8195329e-04   1.1254511e-03
-7.6027735e-04   2.1581590e-03
-6.8248611e-04   2.4878789e-03
-2.5913212e-04   1.8418351e-03
7.7425757e-04   4.9544432e-04
2.4529893e-03  -9.1894831e-04
4.5314013e-03  -1.8365603e-03
6.4192973e-03  -1.9759461e-03
7.2833536e-03  -1.3390410e-03
6.6177992e-03  -1.8553059e-04
4.8291139e-03   1.0471394e-03
2.9853343e-03   1.9221733e-03
1.8821217e-03   2.1427052e-03
1.5561517e-03   1.6148681e-03
1.7052165e-03   5.3496550e-04
2.2012110e-03  -6.1288083e-04
2.9687480e-03  -1.3338682e-03
3.6008348e-03  -1.4532427e-03
3.4206122e-03  -1.1223862e-03
2.0029730e-03  -5.8484779e-04
-3.9020337e-04  -5.3951739e-05
-2.8795432e-03   2.7786924e-04
-4.5238128e-03   2.8704994e-04
-4.9468659e-03  -3.6725012e-06
-4.4965732e-03  -4.2505589e-04
-3.7985408e-03  -6.9482185e-04
-3.2068072e-03  -4.9514492e-04
-2.7214922e-03   3.0495487e-04
-2.2921334e-03   1.4254544e-03
-1.9749344e-03   2.2648502e-03
-1.7893554e-03   2.2945546e-03
-1.6395735e-03   1.4049865e-03
-1.4695008e-03  -3.3154214e-05
-1.3415563e-03  -1.3745757e-03
-1.2841972e-03  -2.0655212e-03
-1.2184995e-03  -1.9456433e-03
-1.1133190e-03  -1.2036204e-03
-1.0484763e-03  -5.9157812e-05
-1.0492374e-03   1.3753279e-03
-1.0236288e-03   2.8873381e-03
-9.1073321e-04   4.0097157e-03
-6.9854975e-04   4.2277861e-03
-2.6251782e-04   3.3227563e-03
5.7803227e-04   1.5370163e-03
1.7524049e-03  -4.7615703e-04
2.8523682e-03  -1.9198713e-03
3.4243290e-03  -2.3255350e-03
3.2641658e-03  -1.8824260e-03
2.4534453e-03  -1.2189973e-03
1.2437766e-03  -8.3921511e-04
-6.3698448e-05  -8.3680615e-04
-1.1975835e-03  -1.0649656e-03
-1.9511320e-03  -1.3680761e-03
-2.2271729e-03  -1.6133846e-03
-2.1051671e-03  -1.6751476e-03
-1.8068890e-03  -1.5034273e-03
-1.5273144e-03  -1.1568373e-03
-1.3263905e-03  -7.2608242e-04
-1.1871461e-03  -2.8237640e-04
-1.0569146e-03   7.8195636e-05
-7.3960783e-04   2.2569096e-04
1.7624370e-04   9.5849765e-05
2.1253770e-03  -2.3382340e-04
5.1599984e-03  -5.9107510e-04
8.5973781e-03  -7.9485224e-04
1.1035210e-02  -7.0414779e-04
1.0976874e-02  -2.7690660e-04
7.8931567e-03   3.6112999e-04
2.8825787e-03   9.4732515e-04
-1.8908696e-03   1.2292450e-03
-4.6517476e-03   1.0879633e-03
-5.0245865e-03   5.5942209e-04
-3.8156234e-03  -1.8371732e-04
-2.1284155e-03  -8.7897916e-04
-7.5514166e-04  -1.3104384e-03
-7.1510090e-05  -1.4457522e-03
-1.2860743e-04  -1.3994350e-03
-7.4221479e-04  -1.2831598e-03
-1.5786304e-03  -1.1519408e-03
-2.2673213e-03  -1.0145947e-03
-2.5617766e-03  -7.3209507e-04
-2.4703209e-03   9.7749658e-05
-2.1685666e-03   1.9879026e-03
-1.7134785e-03   5.1213806e-03
-9.1837225e-04   8.9154772e-03
4.0154077e-04   1.1954967e-02
2.1128028e-03   1.2561237e-02
3.7419846e-03   9.8766423e-03
4.6962218e-03   4.6958152e-03
4.5176025e-03  -8.4738044e-04
3.1438606e-03  -4.6773062e-03
1.0782198e-03  -6.0638661e-03
-8.1584496e-04  -5.6874899e-03
-1.8581726e-03  -4.6548630e-03
-1.9105583e-03  -3.6178346e-03
-1.2504253e-03  -2.7296062e-03
-2.9333930e-04  -2.0463018e-03
5.0320590e-04  -1.6383120e-03
7.3287715e-04  -1.3676204e-03
2.9498294e-04  -8.2392192e-04
-5.0738966e-04   4.1248618e-04
-1.2645005e-03   2.4601001e-03
-1.7853213e-03   4.9507336e-03
-2.0568233e-03   6.9873510e-03
-2.0645361e-03   7.4555544e-03
-1.8387400e-03   5.7752957e-03
-1.5523676e-03   2.4986535e-03
-1.3697424e-03  -9.9432933e-04
-1.2642090e-03  -3.5157965e-03
-1.1328347e-03  -4.7988534e-03
-9.9612014e-04  -5.3280295e-03
-9.3147963e-04  -5.6355975e-03
-9.0922515e-04  -5.7888645e-03
-8.5399059e-04  -5.4403493e-03
-7.8464373e-04  -4.3040238e-03
-7.5545707e-04  -2.5850654e-03
-7.4292442e-04  -9.1493644e-04
-7.0621213e-04   1.6929784e-04
-6.7134422e-04   6.3636583e-04
-6.6500414e-04   8.2045963e-04
-6.5822958e-04   9.6835247e-04
-6.3379056e-04   1.0354173e-03
-5.9783467e-04   8.6519454e-04
-4.8233864e-04   4.2710861e-04
-1.5389851e-04  -1.2323616e-04
4.3855496e-04  -5.2866083e-04
1.1939714e-03  -5.8383720e-04
1.9044195e-03  -2.7399431e-04
2.2930195e-03   2.2612024e-04
2.1055366e-03   6.8061332e-04
1.3178327e-03   8.9194365e-04
2.2553288e-04   7.4172840e-04
-7.6182795e-04   2.5550391e-04
-1.3912928e-03  -3.7307110e-04
-1.6287341e-03  -9.0696948e-04
-1.5732595e-03  -1.2238600e-03
-1.3800094e-03  -1.3316415e-03
-1.1938099e-03  -1.2877789e-03
-1.0763369e-03  -1.1564800e-03
-9.6327768e-04  -1.0036730e-03
-6.4044169e-04  -8.7963381e-04
2.6237273e-04  -8.0114375e-04
2.1409175e-03  -7.5202041e-04
5.0599079e-03  -7.0287892e-04
8.3594959e-03  -6.4697496e-04
1.0659657e-02  -6.0996768e-04
1.0539012e-02  -6.0387368e-04
7.5652206e-03  -5.9800815e-04
2.8293908e-03  -5.6752012e-04
-1.6411147e-03  -5.2745486e-04
-4.2452984e-03  -4.6757369e-04
-4.7821944e-03  -2.9875029e-04
-4.1759574e-03   6.2361247e-05
-3.3614294e-03   5.7078664e-04
-2.5643808e-03   1.0645138e-03
-1.5747913e-03   1.3706505e-03
-3.8990159e-04   1.3598427e-03
6.1074618e-04   9.6842206e-04
1.0002329e-03   2.8369582e-04
6.6539894e-04  -3.9365091e-04
-1.0290985e-04  -6.4133560e-04
-7.8426201e-04  -6.0513929e-05
-9.2532296e-04   1.6556490e-03
-3.4503255e-04   4.5718399e-03
8.5321868e-04   8.1526516e-03
2.3336276e-03   1.1075343e-02
3.5777971e-03   1.1735201e-02
4.0921246e-03   9.3034108e-03
3.7424890e-03   4.4864948e-03
2.8203959e-03  -7.6148482e-04
1.7023891e-03  -4.4704198e-03
5.5639787e-04  -5.8676836e-03
-5.6527083e-04  -5.5628603e-03
-1.5417726e-03  -4.6658372e-03
-2.2373238e-03  -3.8399074e-03
-2.6139554e-03  -3.1429134e-03
-2.6902970e-03  -2.4249094e-03
-2.5035220e-03  -1.5545498e-03
-2.1697576e-03  -3.3594888e-04
-1.8498079e-03   1.4625847e-03
-1.6063815e-03   3.7950378e-03
-1.4020635e-03   6.0692737e-03
-1.2302589e-03   7.3082104e-03
-1.1210466e-03   6.7534522e-03
-1.0472035e-03   4.4852775e-03
-9.5966187e-04   1.4934124e-03
-8.8102108e-04  -9.6827056e-04
-8.4837121e-04  -2.2536079e-03
-8.2322794e-04  -2.6823764e-03
-7.6437879e-04  -3.0671170e-03
-7.1228683e-04  -3.8257159e-03
-7.0406222e-04  -4.5397504e-03
-6.9397116e-04  -4.4441900e-03
-6.4554154e-04  -3.2983533e-03
-6.0642802e-04  -1.5934983e-03
-6.1237830e-04   7.1110397e-05
-6.1389085e-04   1.5097263e-03
-5.7268405e-04   2.7318048e-03
-5.3848138e-04   3.4990751e-03
-5.5756263e-04   3.3887352e-03
-5.8546367e-04   2.2566015e-03
-5.4688393e-04   4.9446196e-04
-3.8439905e-04  -1.1880014e-03
2.0977656e-05  -2.2301965e-03
8.5048543e-04  -2.5326910e-03
2.1121531e-03  -2.3731594e-03
3.4271709e-03  -2.0722430e-03
4.1622711e-03  -1.7794657e-03
3.8295292e-03  -1.5104172e-03
2.4388493e-03  -1.2405559e-03
6.0079883e-04  -9.2159191e-04
-7.2890574e-04  -5.0312604e-04
-8.3506863e-04  -5.6696386e-06
2.4084365e-04   4.4992260e-04
1.7431824e-03   7.0690579e-04
2.7430310e-03   6.6430131e-04
2.6609003e-03   3.3115691e-04
1.4841281e-03  -1.7237773e-04
-2.6829054e-04  -6.7188706e-04
-1.8218979e-03  -1.0276613e-03
-2.6169375e-03  -1.1908875e-03
-2.6236108e-03  -1.1946906e-03
-2.2014411e-03  -1.1060384e-03
-1.7186717e-03  -9.6961267e-04
-1.3679954e-03  -7.7230443e-04
-1.2317721e-03  -4.6686959e-04
-1.3175095e-03  -4.4340413e-05
-1.4770122e-03   4.1655294e-04
-1.4361916e-03   7.6074374e-04
-1.0498060e-03   8.1638933e-04
-5.0976033e-04   5.0632862e-04
-1.8834747e-04  -3.2114947e-05
-2.4527743e-04  -4.7104973e-04
-4.6911429e-04  -5.1615264e-04
-5.3513931e-04  -1.2685610e-04
-3.2591331e-04   4.8065357e-04
5.6141717e-05   9.9157079e-04
4.8258731e-04   1.1482469e-03
8.8363464e-04   8.6981976e-04
1.1919973e-03   3.2798126e-04
1.3323818e-03  -9.9343103e-05
1.2795157e-03   2.0185976e-05
1.0574220e-03   1.0313253e-03
6.8628586e-04   3.0294620e-03
1.9011988e-04   5.5958564e-03
-3.5151731e-04   7.6799238e-03
-8.1629973e-04   8.0454157e-03
-1.1067514e-03   6.1489034e-03
-1.1772910e-03   2.6651849e-03
-1.0154177e-03  -9.1251764e-04
-6.3942930e-04  -3.2762251e-03
-1.1640829e-04  -4.0600527e-03
4.3230862e-04  -3.7981644e-03
8.4472317e-04  -3.2422732e-03
9.7001744e-04  -2.7103035e-03
7.6961484e-04  -2.0303453e-03
3.7225171e-04  -9.6413747e-04
-1.6533948e-05   4.9507465e-04
-2.4558327e-04   2.2036242e-03
-2.1125609e-04   3.9566654e-03
2.2374966e-04   5.3364897e-03
1.1932614e-03   5.6880867e-03
2.7097017e-03   4.5611625e-03
4.6117257e-03   2.2186447e-03
6.5012402e-03  -4.5895964e-04
7.6355984e-03  -2.6405739e-03
7.1374650e-03  -4.0498767e-03
4.7061305e-03  -4.8354413e-03
1.1493157e-03  -5.1219182e-03
-2.0694581e-03  -4.8211980e-03
-3.9135152e-03  -3.8406294e-03
-4.3335985e-03  -2.3712994e-03
-3.9110760e-03  -9.1389712e-04
-3.2448778e-03   2.6047151e-05
-2.6630686e-03   3.0415568e-04
-2.2276720e-03   1.7590341e-04
-1.8725139e-03  -3.2127190e-05
-1.5700301e-03  -2.0001805e-04
-1.3319118e-03  -3.4665121e-04
-1.0532659e-03  -4.5148528e-04
-5.3324625e-04  -4.6954915e-04
2.7684990e-04  -4.2898984e-04
1.1848544e-03  -3.9940777e-04
1.9253106e-03  -4.1012345e-04
2.2634787e-03  -4.5443425e-04
2.0121461e-03  -5.1942069e-04
1.1921191e-03  -5.8037474e-04
1.4199412e-04  -6.1345888e-04
-7.3469973e-04  -6.2311766e-04
-1.2764174e-03  -6.2342894e-04
-1.4898399e-03  -6.0233122e-04
-1.3498455e-03  -5.2106949e-04
-8.8354659e-04  -3.2748541e-04
-3.0994478e-04   2.2492644e-05
1.1375651e-04   5.1213497e-04
3.0173555e-04   1.0269463e-03
2.7807518e-04   1.3863792e-03
4.2904229e-05   1.4157854e-03
-3.6280761e-04   1.0374720e-03
-7.7115640e-04   3.6148002e-04
-9.9931057e-04  -3.4511580e-04
-9.8535974e-04  -8.5256765e-04
-7.4611332e-04  -1.1075942e-03
-2.9932783e-04  -1.1617739e-03
2.8253382e-04  -1.0706827e-03
8.1160625e-04  -9.1231503e-04
1.0669331e-03  -7.7751665e-04
9.3200420e-04  -6.8095379e-04
4.5199294e-04  -5.8685855e-04
-1.9153600e-04  -5.3369193e-04
-7.6321532e-04  -6.0574769e-04
-1.1012466e-03  -7.8772560e-04
-1.1973949e-03  -9.6449357e-04
-1.1427420e-03  -1.0300341e-03
-1.0119167e-03  -9.1276303e-04
-8.1765956e-04  -5.9804371e-04
-5.4430261e-04  -2.2647975e-04
-1.9123220e-04  -4.0170411e-05
1.9968721e-04  -1.1919961e-04
5.3838028e-04  -2.6965967e-04
7.1979290e-04  -2.0135490e-04
6.7829505e-04   3.4586470e-04
4.2255559e-04   1.6391078e-03
   3.8435004e-05   3.7963215e-03
  -3.4962035e-04   6.3858647e-03
  -6.5530701e-04   8.3351804e-03
  -8.6301170e-04   8.5039878e-03
  -9.6556121e-04   6.5137039e-03
  -9.3358826e-04   3.1217857e-03
  -8.0222894e-04  -1.9692127e-04
  -6.9149152e-04  -2.2012826e-03
  -6.4887985e-04  -2.6421742e-03
  -5.8207719e-04  -2.1748861e-03
  -4.4590848e-04  -1.5739491e-03
  -3.5787099e-04  -1.1185435e-03
  -4.2642810e-04  -6.6014326e-04
  -6.1500397e-04   1.7840895e-05
  -8.3444190e-04   1.0385149e-03
  -9.5835497e-04   2.3571071e-03
  -7.0051328e-04   3.5901680e-03
   2.5154934e-04   4.0509886e-03
   1.8885655e-03   3.2268584e-03
   3.8677769e-03   1.2608761e-03
   5.8299463e-03  -1.1371728e-03
   7.4434411e-03  -3.2366067e-03
   8.1561567e-03  -4.6697442e-03
   7.3140682e-03  -5.3573106e-03
   4.7753192e-03  -5.2639543e-03
   1.2980069e-03  -4.3706222e-03
  -1.8381282e-03  -2.8731725e-03
  -3.6600060e-03  -1.2824976e-03
  -4.0475845e-03  -1.8059220e-04
  -3.5874851e-03   1.9527810e-04
  -2.9599009e-03   8.6558442e-05
  -2.4672374e-03  -1.0684347e-04
  -2.0686674e-03  -2.1026432e-04
  -1.6857734e-03  -2.8099803e-04
  -1.3259520e-03  -3.6247444e-04
  -9.5384833e-04  -4.0824985e-04
  -4.2594783e-04  -4.0637124e-04
   3.3738950e-04  -4.0736148e-04
   1.1686193e-03  -4.2316974e-04
   1.7376195e-03  -4.1827704e-04
   1.8212521e-03  -3.9135639e-04
   1.4380665e-03  -3.6378781e-04
   7.5121540e-04  -3.0836533e-04
  -4.9802431e-05  -1.8472624e-04
  -7.6087718e-04  -2.8004092e-05
  -1.2005215e-03   7.7265378e-05
  -1.3319314e-03   9.5749700e-05
  -1.2790872e-03   5.3635310e-05
  -1.1649714e-03  -1.8952899e-05
  -1.0147367e-03  -9.1727427e-05
  -8.4635745e-04  -1.0532664e-04
  -7.1551618e-04  -1.7034110e-05
  -6.0303978e-04   1.2284257e-04
  -3.9881083e-04   2.0413756e-04
  -7.8670741e-05   1.7528729e-04
   2.2620350e-04   7.9347364e-05
   3.9601464e-04  -2.4474136e-05
   4.2891859e-04  -1.1540983e-04
   3.3833469e-04  -1.8636053e-04
   9.6234115e-05  -2.2651909e-04
  -2.5491725e-04  -2.3805999e-04
  -5.6594301e-04  -2.2500768e-04
  -7.2989500e-04  -1.7340804e-04
  -7.7467061e-04  -8.8245076e-05
  -7.6738873e-04  -2.7567862e-05
  -7.2237438e-04  -4.4478488e-05
  -6.4235876e-04  -1.1511854e-04
  -5.6390030e-04  -1.7009960e-04
  -5.1594022e-04  -1.6335489e-04
  -4.8703257e-04  -6.0850914e-05
  -4.5905159e-04   1.9005433e-04
  -4.3361150e-04   5.9674947e-04
  -4.1585365e-04   1.0323425e-03
  -4.0333757e-04   1.2747065e-03
  -3.8888185e-04   1.1582372e-03
  -3.5157987e-04   6.7663838e-04
  -2.5723461e-04  -3.9295670e-05
  -8.3129016e-05  -7.9083377e-04
   1.7673922e-04  -1.3569502e-03
   5.3449863e-04  -1.5548723e-03
   1.0017848e-03  -1.3404644e-03
   1.5465215e-03  -8.4981512e-04
   2.0662435e-03  -3.0000665e-04
   2.3898907e-03   1.5193726e-04
   2.3178468e-03   4.4592938e-04
   1.7554308e-03   5.7383032e-04
   8.7112214e-04   5.5530854e-04
   5.1690296e-05   4.2715267e-04
  -3.8504936e-04   2.1130876e-04
  -4.2039279e-04  -7.5125423e-05
  -2.7470405e-04  -3.5866174e-04
  -1.8484515e-04  -5.2911959e-04
  -2.5044216e-04  -5.5685184e-04
  -4.2102580e-04  -5.1149172e-04
  -5.9308607e-04  -4.3039849e-04
  -7.1869665e-04  -2.7100181e-04
  -7.9009856e-04  -3.9890840e-05
  -7.5154854e-04   1.4888335e-04
  -5.5077048e-04   2.1187619e-04
  -2.8244239e-04   1.8947567e-04
  -1.3122753e-04   1.5360761e-04
  -1.4882789e-04   1.4504693e-04
  -2.2936449e-04   2.4284856e-04
  -3.0655631e-04   5.3284283e-04
  -4.1177841e-04   9.2022763e-04
  -5.2878570e-04   1.1151385e-03
  -5.5571471e-04   9.1189156e-04
  -4.4545761e-04   4.0007991e-04
  -2.6646848e-04  -1.4646840e-04
  -1.0482468e-04  -4.8382619e-04
   5.1426664e-06  -4.8138882e-04
   5.2909855e-05  -1.5750255e-04
   4.4460685e-05   2.7416502e-04
   3.5485339e-05   5.0721706e-04
   9.4399925e-05   3.9536182e-04
   2.0732626e-04   5.7675007e-05
   2.7916889e-04  -2.9210480e-04
   2.4512487e-04  -5.2856115e-04
   1.1851181e-04  -6.1289006e-04
  -7.2289503e-05  -5.5577540e-04
  -3.0021931e-04  -4.4911015e-04
  -4.8118358e-04  -4.1167344e-04
  -5.0411562e-04  -4.4283937e-04
  -3.4368476e-04  -4.3991436e-04
  -6.5761861e-05  -3.7901361e-04
   2.6273110e-04  -3.3748299e-04
   5.8093854e-04  -3.3121297e-04
   7.9030528e-04  -2.9263164e-04
   8.0902969e-04  -2.1756114e-04
   6.4902630e-04  -1.7674707e-04
   3.7332546e-04  -1.8288606e-04
   2.6750681e-05  -1.8842951e-04
  -3.3534001e-04  -1.9916731e-04
  -6.2156372e-04  -2.6015548e-04
  -7.8079746e-04  -3.5102591e-04
  -8.4881149e-04  -4.0699995e-04
  -8.4306170e-04  -4.1859102e-04
  -6.2921445e-04  -4.1578151e-04
   6.0201584e-05  -3.7816049e-04
   1.4527491e-03  -2.4551773e-04
   3.5085379e-03  -7.4751030e-06
   5.7339035e-03   2.7720314e-04
   7.2082359e-03   5.3650069e-04
   7.0110559e-03   7.1133987e-04
   4.9010285e-03   7.4860719e-04
   1.6630415e-03   6.2688353e-04
  -1.3368594e-03   3.8488446e-04
  -3.0868611e-03   8.7957268e-05
  -3.5001651e-03  -2.1640057e-04
  -3.1587110e-03  -4.8172966e-04
  -2.6519085e-03  -6.4139841e-04
  -2.2121204e-03  -6.5261298e-04
  -1.8077829e-03  -5.4121607e-04
  -1.3560390e-03  -3.7405554e-04
  -8.1217997e-04  -2.1039564e-04
  -1.8005694e-04  -9.0954920e-05
   4.7403773e-04  -2.0861254e-05
   1.0121912e-03   9.6910524e-05
   1.2619272e-03   5.1378005e-04
   1.1210797e-03   1.5499920e-03
   6.6116149e-04   3.3230890e-03
   9.2346612e-05   5.4467836e-03
  -3.9374499e-04   7.0198391e-03
  -7.0165848e-04   7.0771672e-03
  -7.7197550e-04   5.2563510e-03
  -5.6533228e-04   2.1587243e-03
  -1.5389953e-04  -9.5118368e-04
   2.5720723e-04  -2.9559519e-03
   4.6140410e-04  -3.5620382e-03
   3.8924810e-04  -3.2322241e-03
   1.2403354e-04  -2.4965586e-03
  -1.8845624e-04  -1.4514289e-03
  -4.4567851e-04   4.0722198e-05
  -6.1900205e-04   1.8493952e-03
  -7.1087035e-04   3.4317541e-03
  -7.3711924e-04   4.1251951e-03
  -7.4229181e-04   3.5242793e-03
  -7.5506768e-04   1.7062990e-03
  -7.3740270e-04  -7.7434697e-04
  -6.5611798e-04  -3.1512792e-03
  -5.6588952e-04  -4.7977271e-03
  -5.2933827e-04  -5.3870320e-03
  -5.1453498e-04  -4.8677972e-03
  -4.6845216e-04  -3.4722776e-03
  -4.1878507e-04  -1.7326163e-03
  -4.0932349e-04  -2.8111773e-04
  -4.1176583e-04   5.0843187e-04
  -3.8554341e-04   6.9254183e-04
  -3.5310967e-04   5.8627882e-04
  -3.4858640e-04   4.5684389e-04
  -3.5589969e-04   3.6862189e-04
  -3.4766340e-04   2.6419209e-04
  -3.2668177e-04   1.2850143e-04
  -2.8807630e-04   2.2237130e-05
  -1.8862063e-04  -2.5671106e-05
   1.1445312e-05  -6.2381257e-05
   3.0527725e-04  -1.1319011e-04
   6.4696473e-04  -1.2586379e-04
   9.6077432e-04  -6.6238508e-05
   1.1303874e-03   2.6489752e-06
   1.0199790e-03  -6.1452735e-06
   5.3950235e-04  -1.0098927e-04
  -2.9026675e-04  -2.2320134e-04
  -1.2887181e-03  -3.2038158e-04
  -2.1065334e-03  -3.7484114e-04
  -2.3504409e-03  -3.8591840e-04
  -1.8513943e-03  -3.5892948e-04
  -8.5374788e-04  -3.1614083e-04
   1.1904278e-04  -2.9841550e-04
   6.4656331e-04  -3.2942329e-04
   6.8325142e-04  -3.7983537e-04
   4.7819532e-04  -3.9893790e-04
   2.7417533e-04  -3.8760182e-04
   1.1756438e-04  -4.0851016e-04
  -6.3870667e-05  -5.2195251e-04
  -2.7678978e-04  -7.4315491e-04
  -4.0294767e-04  -1.0440998e-03
  -2.6265326e-04  -1.3295123e-03
   3.5053384e-04  -1.4164227e-03
   1.6408226e-03  -1.1426187e-03
   3.6123406e-03  -5.5237220e-04
   5.7779236e-03   9.3552219e-05
   7.1768536e-03   5.4937012e-04
   6.9101640e-03   7.7193801e-04
   4.8186753e-03   8.4217093e-04
   1.6929510e-03   7.8735059e-04
  -1.1985008e-03   5.6021563e-04
  -2.9036285e-03   1.4673474e-04
  -3.3001719e-03  -3.6711890e-04
  -2.9480950e-03  -8.1227061e-04
  -2.4642079e-03  -1.0067536e-03
  -2.0507549e-03  -8.6868332e-04
  -1.5881994e-03  -4.9945699e-04
  -9.9993729e-04  -1.3070738e-04
  -3.6531542e-04   3.9441314e-05
   2.2106768e-04  -2.0536161e-05
   6.9102907e-04  -1.5896675e-04
   9.3087690e-04  -1.1519646e-04
   8.4959525e-04   3.8727156e-04
   5.1927153e-04   1.5590289e-03
   1.1347166e-04   3.4106843e-03
  -2.7068363e-04   5.5438803e-03
  -6.1284263e-04   7.0967188e-03
  -8.5298612e-04   7.1338329e-03
  -9.2132593e-04   5.3253447e-03